1.385974891883063265e+03 1.008241505412726502e+00 2.937461674084858830e-03
1.385995725712739159e+03 1.005977525222567559e+00 2.937754692854653311e-03
1.386016559544224265e+03 1.001409687987290464e+00 2.937516836081806911e-03
1.386037393377603848e+03 9.987284675111204324e-01 2.937353414618143390e-03
1.386058227212920883e+03 9.981787767726166827e-01 2.937511940855560850e-03
1.386079061050172641e+03 1.000590638839145674e+00 2.938231135110423199e-03
1.386099894889307734e+03 1.001336957158933449e+00 2.938375050842271380e-03
1.386120728730234759e+03 9.967953963746489787e-01 2.937058127778395707e-03
1.386141562572817520e+03 9.996843664088523873e-01 2.938117067345431821e-03
1.386162396416878437e+03 1.003740426122194940e+00 2.939400130601234687e-03
1.386183230262203551e+03 1.001508311815398455e+00 2.939353350186221184e-03
1.386204064108543662e+03 9.970393881306739425e-01 2.937870320657963268e-03
1.386224897955622509e+03 1.001399678372389079e+00 2.939400971827334751e-03
1.386245731803137460e+03 1.001891185053916944e+00 2.939743025239382069e-03
1.386266565650765870e+03 9.993463214688602658e-01 2.938567400849649482e-03
1.386287399498170998e+03 1.000841242359237437e+00 2.939611968228809154e-03
1.386308233345010649e+03 9.995903426573046202e-01 2.938185832365418620e-03
1.386329067190935803e+03 9.958812207929760296e-01 2.937880369898096880e-03
1.386349901035604944e+03 9.975007340953814250e-01 2.938619577730062094e-03
1.386391568719852103e+03 1.001512742060722827e+00 2.940266432367636025e-03
1.386412402558816893e+03 9.988993444048678283e-01 2.939916031051490256e-03
1.386433236395302629e+03 1.000899836040309854e+00 2.940243327805949422e-03
1.386454070229067838e+03 9.997174324551838520e-01 2.940730051007882286e-03
1.386474904059907658e+03 9.975967904916815954e-01 2.939815049351220729e-03
1.386495737887652012e+03 9.991567485884828015e-01 2.940186828478701456e-03
1.386516571712174027e+03 1.002475375010643432e+00 2.941632427579729449e-03
1.386537405533390938e+03 9.988889691055370390e-01 2.940927065043179474e-03
1.386579073165794625e+03 9.995215612819645656e-01 2.940915468159861681e-03
1.386599906977038927e+03 9.991241478018042521e-01 2.940783064226560033e-03
1.386620740785092948e+03 1.000496850561515494e+00 2.941782248614680483e-03
1.386641574590094024e+03 9.963640201348488157e-01 2.940317391220620153e-03
1.386662408392220414e+03 9.974353685884789211e-01 2.941404919870148696e-03
1.386683242191690169e+03 1.000374030737905651e+00 2.942609585177435698e-03
1.386704075988751811e+03 1.001281570283271805e+00 2.942854259136290073e-03
1.386724909783686599e+03 9.995409028370079163e-01 2.942400512685739745e-03
1.386745743576798304e+03 9.978852791020259572e-01 2.941183609967275032e-03
1.386766577368408434e+03 1.000890899315931559e+00 2.942539502539064274e-03
1.386808244948485026e+03 9.989332373914827645e-01 2.942784401669307562e-03
1.386829078737640202e+03 1.001987555615282410e+00 2.943828285928761467e-03
1.386849912526666230e+03 1.006492162126401357e+00 2.945926154310128664e-03
1.386870746315895076e+03 9.979783329647764489e-01 2.942990759194250364e-03
1.386891580105644607e+03 1.001419890201280305e+00 2.944505102371165837e-03
1.386912413896211319e+03 1.001221639531713503e+00 2.944010879947762168e-03
1.386933247687863286e+03 9.982305779837026272e-01 2.943679937965079131e-03
1.386954081480840614e+03 9.991758477055066034e-01 2.944211763733799257e-03
1.386995749071550563e+03 9.989625771141203980e-01 2.944333325456264302e-03
1.387016582869569902e+03 9.995879131953888663e-01 2.944265012246309599e-03
1.387037416669490312e+03 1.000920257825611337e+00 2.945045098031048858e-03
1.387058250471346582e+03 9.993055578336298428e-01 2.944365929352218015e-03
1.387079084275130526e+03 9.980631108182703715e-01 2.945087715462506826e-03
1.387099918080785301e+03 1.000092138801633501e+00 2.946237359669887611e-03
1.387120751888212908e+03 1.000020579651249353e+00 2.945961517068336043e-03
1.387141585697271921e+03 1.002022888301129067e+00 2.947749049636956813e-03
1.387162419507778850e+03 9.997856509029222627e-01 2.946518658695469663e-03
1.387183253319516552e+03 9.971454643898218784e-01 2.945241236480894247e-03
1.387204087132231507e+03 9.982968615962820591e-01 2.946034557122611652e-03
1.387224920945643589e+03 9.968601896664237572e-01 2.944788900677107815e-03
1.387245754759448346e+03 1.001219147877655313e+00 2.947220868529791017e-03
1.387266588573317904e+03 9.971475344847128275e-01 2.945619326686518130e-03
1.387287422386917569e+03 1.003866466282033798e+00 2.948959457444565429e-03
1.387370757631724246e+03 9.996965220022729914e-01 2.948578579085077509e-03
1.387391591438852629e+03 1.000704596849306904e+00 2.948192961470461060e-03
1.387412425243735015e+03 9.978024074326428128e-01 2.947133169946286428e-03
1.387433259046102194e+03 9.967017921144655235e-01 2.946480749891205574e-03
1.387454092845717241e+03 1.000627841481277480e+00 2.948793030522710128e-03
1.387474926642379842e+03 9.999884713798482538e-01 2.949973485243110715e-03
1.387495760435924694e+03 1.001779749871544167e+00 2.949117392945846232e-03
1.387516594226230154e+03 9.988174496590478402e-01 2.948483272206537265e-03
1.387537428013218914e+03 9.973128501072051622e-01 2.947925457981067244e-03
1.387558261796856414e+03 9.978997737637786969e-01 2.948193020120683759e-03
1.387579095577157659e+03 9.993508220800099151e-01 2.949798262151657156e-03
1.387599929354178130e+03 9.969202390060643015e-01 2.948594076522009777e-03
1.387620763128017870e+03 1.002015566119519363e+00 2.950470955464892710e-03
1.387641596898823309e+03 9.938096794250027566e-01 2.947221784074742067e-03
1.387662430666777482e+03 9.997582119963801528e-01 2.949948386101451572e-03
1.387683264432102987e+03 1.004864869558931062e+00 2.951173743858492675e-03
1.387704098195053575e+03 1.001449201514599929e+00 2.951343495510759529e-03
1.387724931955911416e+03 9.992187112766551804e-01 2.950130777345209929e-03
1.387808266984799275e+03 9.970670807000430180e-01 2.950371668853379176e-03
1.387849934495275420e+03 1.002164354670050272e+00 2.953027410518258272e-03
1.387870768250711308e+03 9.989058654398690340e-01 2.952300437163824821e-03
1.387891602006705398e+03 1.001540194704615638e+00 2.953370332622515769e-03
1.387912435763550548e+03 9.976926536271494284e-01 2.951540946999948404e-03
1.387954103280820391e+03 1.004042765985273977e+00 2.955059576876418060e-03
1.387974937041680960e+03 9.998195262545084283e-01 2.952330358546595163e-03
1.387995770804252061e+03 1.004737599742951071e+00 2.954918081450178587e-03
1.388016604568652610e+03 1.000407052332578983e+00 2.953056005109264050e-03
1.388037438334956050e+03 1.000074791104116567e+00 2.954136746419304405e-03
1.388058272103193303e+03 1.000686507967055938e+00 2.953447658013188312e-03
1.388079105873351182e+03 1.000326593104590822e+00 2.953727131596821723e-03
1.388099939645366021e+03 1.003014344366037536e+00 2.956001906861103340e-03
1.388120773419132775e+03 9.960741677868920618e-01 2.953036808943233608e-03
1.388141607194506378e+03 1.001927388364360239e+00 2.955262462518325455e-03
1.388162440971299020e+03 9.983780933526803514e-01 2.955152785082319853e-03
1.388183274749289012e+03 1.002522026965253943e+00 2.955474268685070321e-03
1.388204108528216011e+03 9.966683072942200683e-01 2.953829363820364724e-03
1.388224942307797846e+03 1.002060313755295695e+00 2.956020284819845835e-03
1.388245776087727108e+03 1.001346214930753042e+00 2.957671705420352598e-03
1.388266609867677062e+03 1.003607614236244894e+00 2.956953150939643608e-03
1.388287443647306645e+03 1.001681040434840186e+00 2.956717125858967544e-03
1.388308277426272525e+03 1.000190988782120538e+00 2.955913513648824546e-03
1.388329111204227729e+03 1.000327501897494642e+00 2.956105864530812494e-03
1.388349944980832333e+03 1.000903287667195940e+00 2.956779685211820101e-03
1.388370778755753236e+03 9.972474108038184015e-01 2.955485994038665500e-03
1.388391612528679161e+03 9.951068023096043547e-01 2.955060048367801322e-03
1.388412446299319299e+03 9.950466473384624866e-01 2.955347652423378439e-03
1.388433280067407622e+03 9.968629115332106050e-01 2.956427728726314721e-03
1.388454113832711073e+03 9.998602371321703153e-01 2.957735990947230921e-03
1.388474947595034337e+03 1.002815722496925854e+00 2.959086320431070227e-03
1.388495781354218707e+03 9.973874209992551476e-01 2.956993604359552195e-03
1.388537448862752626e+03 1.000671945628876403e+00 2.957914422734952368e-03
1.388558282611999857e+03 9.965535752693436278e-01 2.956694603103065481e-03
1.388579116357912426e+03 9.978675323803976038e-01 2.957827125166978023e-03
1.388599950100551268e+03 1.004071049135412563e+00 2.959853247826572335e-03
1.388620783840023932e+03 1.003420546006132508e+00 2.960495202719516140e-03
1.388641617576480485e+03 1.003222232599794150e+00 2.959579479905370594e-03
1.388662451310110555e+03 1.000407999058858355e+00 2.959282869680816223e-03
1.388683285041139015e+03 1.005023366259996775e+00 2.962027972446026371e-03
1.388724952496452261e+03 9.982099348270352390e-01 2.959809184084543927e-03
1.388745786221334811e+03 9.966500675349502236e-01 2.959272302619140021e-03
1.388766619944796048e+03 9.982335419552689215e-01 2.959786707569874060e-03
1.388787453667177260e+03 1.002115854333523792e+00 2.960555261383480963e-03
1.388808287388824510e+03 9.996998010412175839e-01 2.960779995739228673e-03
1.388829121110081815e+03 1.000776233554347083e+00 2.961042679458316101e-03
1.388849954831292280e+03 9.965526130403169480e-01 2.960187770015580786e-03
1.388891622274870997e+03 1.003097986147290399e+00 2.963210919674546997e-03
1.388912455997840198e+03 1.001055718647845705e+00 2.961987891350520430e-03
1.388933289721954452e+03 9.963585962329728485e-01 2.960802941026843479e-03
1.388954123447444545e+03 9.993054343145065799e-01 2.962240366449506255e-03
1.388974957174504880e+03 1.000366099845254597e+00 2.962285404017366269e-03
1.388995790903289617e+03 9.987895734458596131e-01 2.962075415708329083e-03
1.389016624633913807e+03 1.001008338080812576e+00 2.963710985707822265e-03
1.389037458366442934e+03 1.002723417549945095e+00 2.963987351381762621e-03
1.389058292100904509e+03 9.964067360775424875e-01 2.962354268282659919e-03
1.389079125837277161e+03 9.969705751734573296e-01 2.962377796449822739e-03
1.389099959575492221e+03 1.002047948622818430e+00 2.964631583602582617e-03
1.389120793315439641e+03 9.990743798846727364e-01 2.963443269003663161e-03
1.389183294543963939e+03 1.003600752749218339e+00 2.966585776478491629e-03
1.389204128288942002e+03 9.969696395359635144e-01 2.963553981601897702e-03
1.389224962034532155e+03 1.000368023569651932e+00 2.965114621471265106e-03
1.389245795780423805e+03 1.001169500011907409e+00 2.965645423309443748e-03
1.389266629526288625e+03 9.970529616027327124e-01 2.964835600861150198e-03
1.389287463271786237e+03 9.970905922590341808e-01 2.964819612632744062e-03
1.389308297016570350e+03 1.000236619132874427e+00 2.966320415461970970e-03
1.389329130760296039e+03 9.985767132462146645e-01 2.965456679443716128e-03
1.389349964502623152e+03 1.002299576358283817e+00 2.967814153694106963e-03
1.389370798243220861e+03 1.000483714797102186e+00 2.967343093162731326e-03
1.389391631981781757e+03 1.000779404407769579e+00 2.967159300712384710e-03
1.389433299451664197e+03 1.001861633908815552e+00 2.968636699269229084e-03
1.389454133182496662e+03 9.979123095646826869e-01 2.967360410294345423e-03
1.389474966910322337e+03 9.979404774725405547e-01 2.967515777703578616e-03
1.389495800634986836e+03 9.966318055056839764e-01 2.967269911744498286e-03
1.389516634356383520e+03 1.001511888112862181e+00 2.968840220928040553e-03
1.389558301789143798e+03 1.002378941294971071e+00 2.970238451695484446e-03
1.389579135500511939e+03 1.003236226332140824e+00 2.970797068482307780e-03
1.389599969208613174e+03 1.003524720623568456e+00 2.971140225839791031e-03
1.389641636615516973e+03 9.986946618136215426e-01 2.970216019357961330e-03
1.389662470314667416e+03 1.002713525504218994e+00 2.972172074844418779e-03
1.389683304011246491e+03 9.997142421896217934e-01 2.970880134884738323e-03
1.389724971397761919e+03 1.005589216302237077e+00 2.973096867358308599e-03
1.389745805088301950e+03 1.003687943756383483e+00 2.972738878434656121e-03
1.389766638777461822e+03 1.002140606194102945e+00 2.972465027647138575e-03
1.389787472465582596e+03 9.961602887240216253e-01 2.970520147448355540e-03
1.389808306153011472e+03 9.960594988863967769e-01 2.970539248632973490e-03
1.389829139840093376e+03 9.992502036977940483e-01 2.972402448401351063e-03
1.389912474591531691e+03 1.002977040079149562e+00 2.974597490948577630e-03
1.389995809361109877e+03 1.002992801393325806e+00 2.975693864537749291e-03
1.390058310456927984e+03 1.000292250444223541e+00 2.975406913835191430e-03
1.390079144159357156e+03 1.001261849586251973e+00 2.976275160486291371e-03
1.390099977863612366e+03 1.003729467188769986e+00 2.977812938343175550e-03
1.390120811569581065e+03 1.002173422085702370e+00 2.977356191226566279e-03
1.390141645277103862e+03 9.999365988814985506e-01 2.975857264533495524e-03
1.390162478985984080e+03 1.001359209295540564e+00 2.976919510094006276e-03
1.390183312695989571e+03 1.001944829906098011e+00 2.976855551509016012e-03
1.390204146406854534e+03 1.002566718660484524e+00 2.977849193899237239e-03
1.390224980118289295e+03 1.001481513818388791e+00 2.976974660907819210e-03
1.390287481252798671e+03 1.001002759969025879e+00 2.978876903421606281e-03
1.390308314963238445e+03 1.003945548121857101e+00 2.979725773287278737e-03
1.390329148672570454e+03 1.000959731060255820e+00 2.979380842681301697e-03
1.390349982380456140e+03 1.003087470570265038e+00 2.979226435449050699e-03
1.390370816086569448e+03 9.989686311782656203e-01 2.978378369647657811e-03
1.390391649790601832e+03 9.996845101621570917e-01 2.979756097701682753e-03
1.390412483492268620e+03 1.001369834248383217e+00 2.979887625325360577e-03
1.390433317191313790e+03 9.977428735874642740e-01 2.979498859018414689e-03
1.390454150887513833e+03 1.002678683085519218e+00 2.980328727542497572e-03
1.390474984580680939e+03 1.000223869218753503e+00 2.980477888990955542e-03
1.390495818270667542e+03 1.002336396734118562e+00 2.980655511238891088e-03
1.390516651957370641e+03 1.000171103459694955e+00 2.980981012419245055e-03
1.390558319320724650e+03 9.993443631814681316e-01 2.979697708563172447e-03
1.390579152997390111e+03 1.005295608164717525e+00 2.982607051984408498e-03
1.390599986670800035e+03 1.002585562435890587e+00 2.982175216528262004e-03
1.390620820341072886e+03 1.001760762408305583e+00 2.981017141941056867e-03
1.390641654008369414e+03 9.972028272243643743e-01 2.981353699395385311e-03
1.390683321334862285e+03 1.001516697214667406e+00 2.983014805915124544e-03
1.390704154994560440e+03 9.944870922099653399e-01 2.980151672729385980e-03
1.390724988652274078e+03 1.001819968149933349e+00 2.983034929083780689e-03
1.390745822308318566e+03 1.000153969309556246e+00 2.981967100478772736e-03
1.390766655963024277e+03 9.977329341375356098e-01 2.982055686611930455e-03
1.390787489616734092e+03 1.002528330875999574e+00 2.984086277356909952e-03
1.390808323269793163e+03 1.000306394700197554e+00 2.982825955239535622e-03
1.390829156922546872e+03 1.003518585510928318e+00 2.984587279117854181e-03
1.390849990575335369e+03 9.997267248604509993e-01 2.983379948207370239e-03
1.390870824228481297e+03 9.958457072821197409e-01 2.980793683291822673e-03
1.390891657882292748e+03 9.989801914101942293e-01 2.983188321073772936e-03
1.390912491537052347e+03 1.002522109808779316e+00 2.985081138678675420e-03
1.390933325193014525e+03 1.000775495659813163e+00 2.982955107964439714e-03
1.390954158850400518e+03 9.980208686179006250e-01 2.982996274941000000e-03
1.390974992509393815e+03 1.000952547622776523e+00 2.983741993255947366e-03
1.390995826170140163e+03 9.982413922787265470e-01 2.982578232150761774e-03
1.391016659832740515e+03 1.000423750726920025e+00 2.983669611610011325e-03
1.391037493497252171e+03 1.002037192290299306e+00 2.985098703553392459e-03
1.391058327163686954e+03 9.996529165992218413e-01 2.983363291229367172e-03
1.391079160832012121e+03 1.001990926410083027e+00 2.985211524109419260e-03
1.391099994502149229e+03 1.000999017717951522e+00 2.983862482414687944e-03
1.391120828173977770e+03 1.002252631215457823e+00 2.984761940938211299e-03
1.391162495522013387e+03 1.001358587712109838e+00 2.984736703596034286e-03
1.391183329197783451e+03 9.990854349606285156e-01 2.983585824634119206e-03
1.391204162874373424e+03 1.000071447977586292e+00 2.984430520908059464e-03
1.391224996551489539e+03 1.000638306427861224e+00 2.985381486557966285e-03
1.391245830228815748e+03 9.989342206734687091e-01 2.983865565743258706e-03
1.391308331258691624e+03 1.004117731516039669e+00 2.985808493999558659e-03
1.391329164933466018e+03 1.000249348533504890e+00 2.984749477169511018e-03
1.391349998606748386e+03 1.001399908162470709e+00 2.985073184797742626e-03
1.391370832278211992e+03 1.002596559316943470e+00 2.985554464104819318e-03
1.391391665947553065e+03 9.991204371200762546e-01 2.984747774794886503e-03
1.391412499614489889e+03 1.002882033220768410e+00 2.986680290658509217e-03
1.391433333278770988e+03 1.004500353763667198e+00 2.986688053596451425e-03
1.391454166940176265e+03 1.001282819819521830e+00 2.985166859946721072e-03
1.391475000598523820e+03 1.000472685140288753e+00 2.984935737138242565e-03
1.391495834253672456e+03 9.990319050706218951e-01 2.984762659294019731e-03
1.391516667905523036e+03 9.990571622870757507e-01 2.985080303999849798e-03
1.391537501554019627e+03 9.993388908809547333e-01 2.984798217630519820e-03
1.391579168840961756e+03 1.005997651557189787e+00 2.986769941838468556e-03
1.391600002479522345e+03 1.003001263365981721e+00 2.986484296704184846e-03
1.391620836114963140e+03 1.005083992270690452e+00 2.987424416482498471e-03
1.391641669747445576e+03 9.980694857684845323e-01 2.984956176080133961e-03
1.391662503377176790e+03 9.987216938752742079e-01 2.984498710923074241e-03
1.391683337004395071e+03 9.970822791757961712e-01 2.983711565095451771e-03
1.391704170629369401e+03 1.002125948435449665e+00 2.985671212310159108e-03
1.391725004252396275e+03 9.966677885823663763e-01 2.984549676425279040e-03
1.391745837873793562e+03 9.989534338204394404e-01 2.985070170243221254e-03
1.391766671493893000e+03 9.983025196948220881e-01 2.985359912937300773e-03
1.391787505113038378e+03 1.000771547158708197e+00 2.985175817166349846e-03
1.391870839586940292e+03 1.000900343243440016e+00 2.985623212303925925e-03
1.391891673206383985e+03 1.000501358715043310e+00 2.985922755138248168e-03
1.391912506826807885e+03 1.002854493633746680e+00 2.986109618950826168e-03
1.391954174071564239e+03 9.939735713384212357e-01 2.983436883965975405e-03
1.391975007696291414e+03 9.994797359091304179e-01 2.985305811958295034e-03
1.391995841322782780e+03 9.996211062218675059e-01 2.985448502258485157e-03
1.392016674951135883e+03 9.999215240426448936e-01 2.985571062752910738e-03
1.392037508581401198e+03 9.973609566946969318e-01 2.984443474914898024e-03
1.392058342213584410e+03 9.972870847864495625e-01 2.984770603117236579e-03
1.392120843121031612e+03 1.000969152381881333e+00 2.985869966199957651e-03
1.392162510400375822e+03 1.000798581097911422e+00 2.985185312862759580e-03
1.392183344041747887e+03 1.001138453524795580e+00 2.985690752865814441e-03
1.392204177683898934e+03 9.972372503616495631e-01 2.984213705954935018e-03
1.392225011326532467e+03 1.001660232871732115e+00 2.985842587209281470e-03
1.392308345895331968e+03 1.001736263880818045e+00 2.986446238138097155e-03
1.392350013173898333e+03 9.978358380710331543e-01 2.984702109487028052e-03
1.392370846810549665e+03 9.980523441449505873e-01 2.983991933318420886e-03
1.392412514077081141e+03 9.982832288610340443e-01 2.985330621469696032e-03
1.392433347706435370e+03 9.946495416889313823e-01 2.983803335809108968e-03
1.392454181332885582e+03 1.001554834921524639e+00 2.985842855219922494e-03
1.392495848576403432e+03 9.990750613600073438e-01 2.986068493066648850e-03
1.392516682193241422e+03 9.957375849450784688e-01 2.984289316566242616e-03
1.392537515806719512e+03 1.000951282176966162e+00 2.986347870018432171e-03
1.392558349416834290e+03 1.002233702833753570e+00 2.986117213291954783e-03
1.392579183023626001e+03 9.960251814299722062e-01 2.983994450672871213e-03
1.392600016627183095e+03 9.986806863109765064e-01 2.984821959048971230e-03
1.392620850227634719e+03 9.986508704438160633e-01 2.985098626423398661e-03
1.392641683825150949e+03 9.949855104858720267e-01 2.984141272709912428e-03
1.392725018190534911e+03 1.000061387261342638e+00 2.986201148024263813e-03
1.392787518946903219e+03 1.002709066668028282e+00 2.988173698863387517e-03
1.392808352530765433e+03 1.002770729707750164e+00 2.989017449360205792e-03
1.392829186114405502e+03 1.005178434879222538e+00 2.989260824263079326e-03
1.392850019698159713e+03 9.983985288938822533e-01 2.986558512096457521e-03
1.392870853282348889e+03 1.001499515075452429e+00 2.987901255760421360e-03
1.392891686867273620e+03 9.975896212840558164e-01 2.986941274059379259e-03
1.392912520453209027e+03 1.001148944727664247e+00 2.988331345387088608e-03
1.392933354040402264e+03 9.990012205602417650e-01 2.987722943665258729e-03
1.392954187629064563e+03 1.002195032099421068e+00 2.988717024803036904e-03
1.392975021219369410e+03 1.000222408619317438e+00 2.988901464613088425e-03
1.392995854811451181e+03 1.001580807538835938e+00 2.988911334375842031e-03
1.393016688405399464e+03 9.987105796338532349e-01 2.987842190794055136e-03
1.393037522001260413e+03 9.996311723806051708e-01 2.988455012008883575e-03
1.393058355599034712e+03 9.996916731752705232e-01 2.988469385819606840e-03
1.393079189198675749e+03 9.983858911799036173e-01 2.988221281921731726e-03
1.393100022800094848e+03 9.965746622677104094e-01 2.987223455100250242e-03
1.393120856403159678e+03 9.975662885809369884e-01 2.988477386932031788e-03
1.393141690007695161e+03 9.963084564201416526e-01 2.988172049289379746e-03
1.393162523613490521e+03 1.000251583812987510e+00 2.989090771706038718e-03
1.393183357220301787e+03 9.985132409301588075e-01 2.988912834925155308e-03
1.393204190827851335e+03 9.993283496474733019e-01 2.989386191008712012e-03
1.393225024435840623e+03 9.966071985756796980e-01 2.988883333886738474e-03
1.393266691651836254e+03 9.981653682016704554e-01 2.989379622051524348e-03
1.393287525259165022e+03 9.981358811930620689e-01 2.989477445947926956e-03
1.393308358865585433e+03 1.001993655111826032e+00 2.990408531083219891e-03
1.393329192470753696e+03 9.949365890353346620e-01 2.989196734402073397e-03
1.393350026074336029e+03 9.986350816420961340e-01 2.990059407222471228e-03
1.393370859676012742e+03 9.946312647641654126e-01 2.989429434482843411e-03
1.393391693275484158e+03 1.002330022327889258e+00 2.992008095604153494e-03
1.393412526872475382e+03 9.976997327408302363e-01 2.991290994078754390e-03
1.393433360466742897e+03 9.984369449207457503e-01 2.990871521816329710e-03
1.393454194058077519e+03 9.976763874176516333e-01 2.991446766904014721e-03
1.393475027646306216e+03 9.994717613076042895e-01 2.991628776944814556e-03
1.393495861231299386e+03 1.001142937264476229e+00 2.991783958696208386e-03
1.393516694812968581e+03 1.000873390037879895e+00 2.991371177746066611e-03
1.393537528391271280e+03 9.948943731176772554e-01 2.989879740001429032e-03
1.393558361966210668e+03 1.000335502163201662e+00 2.991874228461063271e-03
1.393579195537832447e+03 9.982463691844714049e-01 2.991875176936456548e-03
1.393600029106230522e+03 9.967691231998817569e-01 2.991251616244618161e-03
1.393641696233937637e+03 9.971685613525815839e-01 2.995010507886921528e-03
1.393662529793634803e+03 9.993006884201716122e-01 2.997405333661388310e-03
1.393683363350880200e+03 9.937790388586337231e-01 2.997310856012926766e-03
1.393704196905951676e+03 1.000741346003267251e+00 3.002642298181002270e-03
1.393725030459150730e+03 9.989705473497353383e-01 3.005502873443533819e-03
1.393745864010797732e+03 9.976134124375586332e-01 3.008988801306245950e-03
1.393766697561231013e+03 1.003436452566682791e+00 3.016793607951216098e-03
1.393787531110794362e+03 1.000419062710137919e+00 3.021091006744102293e-03
1.393829198208690741e+03 1.001712644166562249e+00 3.035282451807888235e-03
1.393850031757702482e+03 9.992261102689191654e-01 3.041781188047177568e-03
1.393870865307185340e+03 1.001418010525208846e+00 3.051220351112529563e-03
1.393891698857439451e+03 9.990242792999637356e-01 3.058684154913631718e-03
1.393912532408735387e+03 9.982600790690374648e-01 3.066294209964012547e-03
1.393933365961315076e+03 1.000657563083130253e+00 3.075038746331028219e-03
1.393975033071115831e+03 9.996362723340979084e-01 3.090958139206866941e-03
1.393995866628634531e+03 1.002315767832673066e+00 3.100511622551538771e-03
1.394037533749326030e+03 1.004557233730379417e+00 3.119788505933928074e-03
1.394058367312534756e+03 1.003610093578359175e+00 3.129626330575261545e-03
1.394079200877598169e+03 1.003599774140144119e+00 3.140109011056632909e-03
1.394100034444421908e+03 1.000135204534793543e+00 3.149709264460491369e-03
1.394120868012866822e+03 9.977226476633945795e-01 3.160508927854554281e-03
1.394141701582753967e+03 1.004866803034398570e+00 3.175494447649212897e-03
1.394162535153868021e+03 9.975623561999048539e-01 3.185257964705083544e-03
1.394183368725959326e+03 9.991804557749439653e-01 3.197346531201467577e-03
1.394204202298747987e+03 9.998842840956224665e-01 3.210448259925719697e-03
1.394225035871932278e+03 9.987505417859414703e-01 3.222585149671553396e-03
1.394245869445187964e+03 9.973829841989843015e-01 3.235292059914731452e-03
1.394266703018178077e+03 9.983541319492066357e-01 3.248382077089361115e-03
1.394287536590559057e+03 1.000479723527288867e+00 3.263474896825436546e-03
1.394308370161983021e+03 9.981451644394041534e-01 3.276536879608106436e-03
1.394329203732108226e+03 1.000057309104452896e+00 3.290929661836296000e-03
1.394350037300601116e+03 9.980003817815070732e-01 3.304574672473584423e-03
1.394370870867143822e+03 1.001744785280130001e+00 3.319664674754121449e-03
1.394391704431441212e+03 1.000925933024138903e+00 3.335607513980145752e-03
1.394412537993221576e+03 1.001019563060340234e+00 3.351804575661088571e-03
1.394433371552245490e+03 9.978641933929152108e-01 3.369532149623339495e-03
1.394454205108308770e+03 9.985581383287240875e-01 3.391798836807553928e-03
1.394475038661242934e+03 1.005861853333478440e+00 3.420342860187734237e-03
1.394495872210924972e+03 9.997407604708031803e-01 3.446662540432111031e-03
1.394516705757271893e+03 1.001106559274497654e+00 3.478919512871923338e-03
1.394537539300247545e+03 1.004726922727898542e+00 3.513296485585336217e-03
1.394558372839858748e+03 1.004670776457877501e+00 3.548499614661825008e-03
1.394600039909249517e+03 1.003484555309396953e+00 3.622811449483215058e-03
1.394620873439269189e+03 9.946924798646542554e-01 3.660515540297077947e-03
1.394662540490853189e+03 9.920136386623416014e-01 3.743613366180688004e-03
1.394808375111402711e+03 1.004459222563811593e+00 4.062383783005803564e-03
1.394891709169525939e+03 1.005989905044192501e+00 4.265196636623079518e-03
1.394912542686035977e+03 9.979698339975443533e-01 4.300190156089369470e-03
1.395016710291683239e+03 9.981602118379897526e-01 4.376926294730930367e-03
1.395037543818276390e+03 1.001451550270834767e+00 4.377715236041293187e-03
1.395058377346769930e+03 1.006975022029859446e+00 4.378755384430754391e-03
1.395079210877103606e+03 9.928055207327214360e-01 4.374664383109419519e-03
1.395120877942851848e+03 9.977212253962889354e-01 4.364487014411957098e-03
1.395141711477938088e+03 9.955881489847875354e-01 4.350797229247851602e-03
1.395162545014218040e+03 1.000749261652827293e+00 4.339110756493059357e-03
1.395183378551436590e+03 9.994101426707824309e-01 4.325717051766783325e-03
1.395204212089310431e+03 1.002861929623281467e+00 4.311797345111528790e-03
1.395287546241002246e+03 9.958889350395615514e-01 4.227168679779080146e-03
1.395308379777276741e+03 9.985254742310025744e-01 4.197632955819439841e-03
1.395329213312204956e+03 9.988835869061639672e-01 4.161158281284484291e-03
1.395370880376711966e+03 1.000815759864485566e+00 4.064579518477370000e-03
1.395391713905683673e+03 1.004915858818476782e+00 4.014798877848746797e-03
1.395412547432101746e+03 1.004254657270313933e+00 3.967739395850540356e-03
1.395433380955731764e+03 1.005326108927081519e+00 3.926155025750849119e-03
1.396662556827757498e+03 1.001575196345219299e+00 3.008516048364307058e-03
1.396683390278966726e+03 1.000811705534891294e+00 3.008556517193819359e-03
1.396704223728110037e+03 9.990527106657722811e-01 3.008621116440468764e-03
1.396725057175497113e+03 9.970037384507274281e-01 3.007747113085245012e-03
1.396745890621454464e+03 9.999605505587736420e-01 3.008743966022467235e-03
1.396787557510449233e+03 1.002871407559336348e+00 3.010951413060250492e-03
1.396808390954178321e+03 9.980241067119700604e-01 3.009702887393368807e-03
1.396829224397852158e+03 1.003131066902732904e+00 3.010845654720907105e-03
1.396850057841797479e+03 9.968989419591296475e-01 3.009456134490934211e-03
1.396870891286326241e+03 1.000801815452299293e+00 3.010560165783855192e-03
1.396891724731727891e+03 9.979356835296302464e-01 3.010466938340879226e-03
1.396912558178260724e+03 1.003012846093011001e+00 3.011345729603690305e-03
1.396933391626154616e+03 1.003044015017573676e+00 3.011763465812002452e-03
1.396954225075602835e+03 1.005695638367689826e+00 3.012703441987573966e-03
1.396975058526757721e+03 1.003062460662630606e+00 3.013040198353393422e-03
1.396995891979730459e+03 9.988151305728710794e-01 3.010660089177671396e-03
1.397037558891351409e+03 1.001152447404370260e+00 3.011901221315256907e-03
1.397058392349998712e+03 1.005547704698021461e+00 3.013863244262754426e-03
1.397079225810460230e+03 1.001128729731405764e+00 3.011881047425913130e-03
1.397100059272625003e+03 1.001996955591719862e+00 3.013087303067540045e-03
1.397120892736336145e+03 1.000190932944486688e+00 3.013112687725303870e-03
1.397141726201401070e+03 1.002836875838999608e+00 3.012736006997992697e-03
1.397162559667590585e+03 1.001799886423873298e+00 3.012632706772610386e-03
1.397183393134642301e+03 9.998263796535244996e-01 3.012468959568909057e-03
1.397204226602266544e+03 9.978908430816542108e-01 3.012105074807364460e-03
1.397225060070152722e+03 1.000250864647368676e+00 3.013953066175154103e-03
1.397245893537970915e+03 9.994406454275263085e-01 3.014429668656314672e-03
1.397266727005381881e+03 9.970769272507545855e-01 3.012167529876033732e-03
1.397287560472037285e+03 1.002876812262422757e+00 3.013969538697829856e-03
1.397308393937593110e+03 9.982497569755176547e-01 3.012510619840723380e-03
1.397329227401709431e+03 1.001052476500360777e+00 3.014166896512808416e-03
1.397350060864058833e+03 9.972856495434195834e-01 3.012850849571496997e-03
1.397370894324330038e+03 9.991625645637620678e-01 3.013191040870415692e-03
1.397412561237522368e+03 9.991449229906381735e-01 3.014317201655819945e-03
1.397433394689958504e+03 9.988989301842480240e-01 3.013913728188160820e-03
1.397454228139353972e+03 1.002531328671832256e+00 3.015593975481682416e-03
1.397475061585559388e+03 1.001203944087213582e+00 3.014296691765552469e-03
1.397495895028467658e+03 9.980325269217869000e-01 3.013214145821517358e-03
1.397516728468012161e+03 9.985283932263624429e-01 3.014037028690472967e-03
1.397537561904174254e+03 1.000061481931368457e+00 3.014546171581927378e-03
1.397558395336981675e+03 1.003451583846653117e+00 3.016473935294893167e-03
1.397579228766504457e+03 1.002807655100132589e+00 3.016330923492418613e-03
1.397600062192857877e+03 9.999385539141352197e-01 3.015302133924614540e-03
1.397620895616198140e+03 9.986338302395130206e-01 3.014711336321395860e-03
1.397641729036722381e+03 9.956771396589984002e-01 3.012954711186860250e-03
1.397662562454662520e+03 1.000725129890471576e+00 3.016163078902644491e-03
1.397683395870281629e+03 9.992892285846787237e-01 3.015908995657096570e-03
1.397704229283870063e+03 1.002680851720779476e+00 3.017274962809772792e-03
1.397725062695741826e+03 1.003290283754300294e+00 3.017313696120244547e-03
1.397766729515667521e+03 9.980520980675676723e-01 3.016134439804982106e-03
1.397787562924406757e+03 1.000272417554784132e+00 3.015861793479517657e-03
1.397808396332792881e+03 9.967839125050254045e-01 3.016280419876391124e-03
1.397829229741164681e+03 9.950805519777875530e-01 3.015377060985342719e-03
1.397850063149847301e+03 1.000716005604857406e+00 3.018174511956328229e-03
1.397870896559150651e+03 9.980513989552965981e-01 3.017212015625296648e-03
1.397891729969359631e+03 9.991410591704720234e-01 3.017625274770729948e-03
1.397912563380730944e+03 9.981865069216919739e-01 3.017549458103063308e-03
1.397933396793489464e+03 9.980209635329513329e-01 3.017318949287394522e-03
1.397954230207821638e+03 9.989332904834451465e-01 3.017997054173532107e-03
1.397975063623874576e+03 9.990553686374712417e-01 3.018353876845403239e-03
1.397995897041755143e+03 1.004771946125677218e+00 3.019980797746860124e-03
1.398016730461523139e+03 9.983912220356362388e-01 3.016629849984603807e-03
1.398058397306742108e+03 9.957069318493856347e-01 3.016631094040394916e-03
1.398079230732089172e+03 1.000070484610508403e+00 3.018342918584529001e-03
1.398120897587670015e+03 9.985805353268422113e-01 3.018762354818906382e-03
1.398141731017544544e+03 9.963223538059029494e-01 3.017874372465153589e-03
1.398162564448509329e+03 1.001628470533210358e+00 3.019643235149767086e-03
1.398183397880298344e+03 1.001412423761836257e+00 3.020027284648737088e-03
1.398225064745154668e+03 9.979552093212424868e-01 3.018959912107472762e-03
1.398245898177577374e+03 9.994532441319865512e-01 3.019543334670705612e-03
1.398266731609544877e+03 9.986074983014581186e-01 3.018683082179309668e-03
1.398287565040710888e+03 9.998278471969909154e-01 3.019453350901786428e-03
1.398308398470729344e+03 9.980118423230639468e-01 3.019470351953861681e-03
1.398329231899262368e+03 1.000063828263990429e+00 3.020464955506132164e-03
1.398350065325984588e+03 9.948119506295624026e-01 3.017443628819872770e-03
1.398370898750588367e+03 1.000017662440270128e+00 3.020016702719197001e-03
1.398391732172790853e+03 1.000678718505087827e+00 3.020940270588782887e-03
1.398412565592337614e+03 9.980682321189916495e-01 3.020033372688814364e-03
1.398433399009005598e+03 9.970141431848000835e-01 3.019886420595076833e-03
1.398454232422609266e+03 9.984565920074029988e-01 3.020465532889605228e-03
1.398475065833004919e+03 1.000237425138151837e+00 3.021019212189141479e-03
1.398495899240088875e+03 9.977213450797171035e-01 3.019754951050640946e-03
1.398516732643803152e+03 9.985172862889196699e-01 3.020520922595515238e-03
1.398558399441113806e+03 1.000038835911175816e+00 3.021063292408113395e-03
1.398579232834821369e+03 9.968278971367503516e-01 3.020453084635363588e-03
1.398620899612938956e+03 9.999353659051889442e-01 3.021817506621810902e-03
1.398641732997711415e+03 9.999973518676458228e-01 3.022077336630194823e-03
1.398745899888994245e+03 9.977139469846477704e-01 3.020948424693665948e-03
1.398766733262912794e+03 9.977840842169815039e-01 3.020806280009833041e-03
1.398787566636174915e+03 9.981688160512287578e-01 3.020394963228379467e-03
1.398808400009126444e+03 1.001361569488569359e+00 3.023839679117595446e-03
1.398829233382106167e+03 1.004380643155254882e+00 3.024423470401823872e-03
1.398850066755436728e+03 1.001018249447815256e+00 3.023708012278701444e-03
1.398870900129425536e+03 9.937971315661020544e-01 3.020918422952006358e-03
1.398891733504353624e+03 1.001831353518909395e+00 3.023619540151025863e-03
1.398912566880472696e+03 9.948326009527505009e-01 3.020638817723407619e-03
1.398954233637128027e+03 9.981418980990691692e-01 3.022939118232520657e-03
1.398995900400685969e+03 9.993326851558210766e-01 3.023978082177148415e-03
1.399037567171762703e+03 9.987201735894807308e-01 3.024453055907837685e-03
1.399058400560116752e+03 9.998539151096517141e-01 3.025085882490959055e-03
1.399079233950256366e+03 1.002777847613604001e+00 3.026151609275322396e-03
1.399100067342058765e+03 1.000427049515154376e+00 3.025356102364372499e-03
1.399120900735357509e+03 9.961095604168808126e-01 3.024124687552542240e-03
1.399141734129949782e+03 9.966750247963453990e-01 3.024019680592656203e-03
1.399162567525596387e+03 9.978790400199217814e-01 3.024917219036030430e-03
1.399183400922028341e+03 1.003381919522856380e+00 3.027016450600083716e-03
1.399204234318949602e+03 1.011287039082110928e+00 3.030811316875257379e-03
1.399225067716043895e+03 1.021552950871531973e+00 3.035272937003482066e-03
1.399245901112979254e+03 1.017602554289631644e+00 3.033593599597612673e-03
1.399266734509413254e+03 1.004442780028707904e+00 3.028566938374661292e-03
1.399287567904996649e+03 9.996148016314923002e-01 3.026059391027833591e-03
1.399308401299386787e+03 9.971616120149110474e-01 3.025670561898882293e-03
1.399329234692246018e+03 9.984839747407032728e-01 3.026049120509438639e-03
1.399350068083252609e+03 9.997605633936115233e-01 3.026407110470496955e-03
1.399370901472101650e+03 9.986171179015789212e-01 3.026850495272044497e-03
1.399391734858510745e+03 9.947675503478649039e-01 3.024287120474902259e-03
1.399412568242231146e+03 9.967255778854146042e-01 3.025834079789196766e-03
1.399433401623046166e+03 9.982691795547669056e-01 3.026019432316685506e-03
1.399454235000774361e+03 1.001879609538714133e+00 3.028068634523332827e-03
1.399475068375276805e+03 1.000750198364831478e+00 3.027347162885680749e-03
1.399495901746455729e+03 1.001312388413386545e+00 3.027328357323669922e-03
1.399516735114258836e+03 9.991203969538036134e-01 3.027399652512241350e-03
1.399537568478679532e+03 9.989778983537350721e-01 3.027351273759661815e-03
1.399558401839756471e+03 9.985909833987373085e-01 3.026827180730913471e-03
1.399579235197570824e+03 9.958711094977767964e-01 3.026134412786178271e-03
1.399600068552249923e+03 1.000929985488534291e+00 3.028310975150961051e-03
1.399620901903960885e+03 1.001825786086634196e+00 3.028004569925592335e-03
1.399641735252909029e+03 9.989320081640886695e-01 3.027394179930215784e-03
1.399662568599337192e+03 1.001758297219873528e+00 3.027853376541774378e-03
1.399683401943514582e+03 9.961630074879550545e-01 3.026595146239374756e-03
1.399704235285739287e+03 9.973775688707214870e-01 3.026643788388543987e-03
1.399725068626328039e+03 9.998708475887065905e-01 3.027211872739666697e-03
1.399745901965616667e+03 9.985579661757361114e-01 3.027428330104158394e-03
1.399766735303946916e+03 9.958552858647271577e-01 3.026664161532964612e-03
1.399787568641663938e+03 1.000966136806381579e+00 3.029168416386490009e-03
1.399808401979114024e+03 1.000693573910997225e+00 3.027749490697637623e-03
1.399829235316633913e+03 9.994663723593320004e-01 3.027757101510530294e-03
1.399850068654546021e+03 1.000480495616756782e+00 3.028725761490338141e-03
1.399870901993152984e+03 1.004492093338337444e+00 3.030745735157404624e-03
1.399891735332731741e+03 9.974636927770060835e-01 3.027313211892005036e-03
1.399912568673531723e+03 9.998211148820517202e-01 3.027958245532983133e-03
1.399954235359619815e+03 9.956896552793211841e-01 3.027317108455564697e-03
1.399995902052664860e+03 1.002111125311989648e+00 3.029343577545915919e-03
1.400016735402004770e+03 1.000491498032007875e+00 3.028869234375499916e-03
1.400037568753242795e+03 9.937031990867780662e-01 3.027136054227799484e-03
1.400058402106335507e+03 9.988707804102683330e-01 3.028700999452022934e-03
1.400079235461199687e+03 1.001518452963593431e+00 3.029554480962882643e-03
1.400120902175683568e+03 1.001818204571057302e+00 3.030529210840429005e-03
1.400141735534922645e+03 9.921352234996470010e-01 3.026349744878247417e-03
1.400162568895181721e+03 9.987131157030363360e-01 3.028995052664954900e-03
1.400183402256187492e+03 9.993060005259555290e-01 3.029281100976838424e-03
1.400204235617643462e+03 9.978585380298921059e-01 3.028870544558462906e-03
1.400225068979226990e+03 9.997225519250158010e-01 3.028863288422907647e-03
1.400245902340605426e+03 1.001176684978761555e+00 3.030094535918861041e-03
1.400266735701437256e+03 1.000171111267558199e+00 3.029584590447464022e-03
1.400287569061371642e+03 1.000014720305804738e+00 3.029699061529037354e-03
1.400308402420066614e+03 1.002029218025694446e+00 3.030792895989667477e-03
1.400350069132413410e+03 1.001349954608118820e+00 3.030830134564358770e-03
1.400370902485441320e+03 9.991423424474257242e-01 3.030071756119368572e-03
1.400391735835994496e+03 1.001708970221956374e+00 3.031639719700684934e-03
1.400412569183828282e+03 1.000924109804241624e+00 3.031919768597548127e-03
1.400433402528729175e+03 1.000525703394775867e+00 3.032186528686922882e-03
1.400454235870520733e+03 1.001517594568427150e+00 3.032993104482105580e-03
1.400475069209071989e+03 1.000061716696064806e+00 3.034384574457601493e-03
1.400495902544289038e+03 1.003352389957525848e+00 3.038974152864002114e-03
1.400516735876125495e+03 1.007839566616621552e+00 3.044760599071002962e-03
1.400537569204581359e+03 1.004185498627029771e+00 3.052073353988089040e-03
1.400558402529700061e+03 9.958166671925784419e-01 3.047975700470718398e-03
1.400579235851570502e+03 9.960282070549423272e-01 3.041622496148482877e-03
1.400600069170323650e+03 9.999347228670847354e-01 3.038344667038392084e-03
1.400745902333113008e+03 9.991344127780696915e-01 3.031988096047839604e-03
1.400766735635811074e+03 1.002819848330797070e+00 3.032512626251253774e-03
1.400787568937939795e+03 9.965828239875450523e-01 3.029914741597544096e-03
1.400808402239845918e+03 1.000237191275112236e+00 3.031275610713948538e-03
1.400829235541865046e+03 9.981453988948527645e-01 3.031974748530199409e-03
1.400850068844315274e+03 1.001291398111629816e+00 3.032045292109722835e-03
1.400870902147497191e+03 1.001407265003811498e+00 3.031234493513424409e-03
1.400891735451686372e+03 1.000135120880813133e+00 3.031986194263823313e-03
1.400912568757125655e+03 1.002431553814468357e+00 3.031867434816307248e-03
1.400933402064026268e+03 9.977458950094272305e-01 3.030226002909579275e-03
1.400954235372560106e+03 1.000777972810436234e+00 3.032094917908964484e-03
1.400975068682858591e+03 9.997598435623704649e-01 3.030919652189502898e-03
1.400995901995009262e+03 9.987344923901849691e-01 3.030648515339808956e-03
1.401016735309056685e+03 1.002402803133336073e+00 3.032563174631188688e-03
1.401037568624999494e+03 9.961241255203135969e-01 3.030203509297761926e-03
1.401058401942788350e+03 9.991409812791736123e-01 3.031440985023477544e-03
1.401079235262332986e+03 9.981736911812705282e-01 3.030839137766254150e-03
1.401100068583499706e+03 1.002339452015725163e+00 3.031425836764787586e-03
1.401120901906109793e+03 1.001830727654864805e+00 3.032469694930336676e-03
1.401141735229952701e+03 9.990492040260200435e-01 3.031948641351658869e-03
1.401162568554781274e+03 1.001764552840528122e+00 3.031539746003039486e-03
1.401183401880317433e+03 9.976637032058733867e-01 3.030141365733081925e-03
1.401204235206262410e+03 1.003704422764526427e+00 3.032765563709906645e-03
1.401225068532291289e+03 1.000659868729939506e+00 3.031375465888274789e-03
1.401245901858070283e+03 9.974837861612667611e-01 3.030701372883466086e-03
1.401266735183255605e+03 9.985758306848355748e-01 3.031087474918336445e-03
1.401308401830458024e+03 9.985115962214636820e-01 3.030085267666766426e-03
1.401329235151798912e+03 9.978641346250124444e-01 3.030226201862764798e-03
1.401350068471202349e+03 1.000691881093692670e+00 3.031433495042829256e-03
1.401370901788370475e+03 9.989393021267392037e-01 3.030768920175253359e-03
1.401391735103030896e+03 9.995732552340295118e-01 3.031291746350145075e-03
1.401412568414938960e+03 9.997369173958384758e-01 3.031188270503085407e-03
1.401433401723890029e+03 1.000876068539567454e+00 3.031091474770512481e-03
1.401454235029712436e+03 9.981426273619667944e-01 3.031068296562782188e-03
1.401475068332277942e+03 1.000200729637723551e+00 3.031362399596534366e-03
1.401495901631500601e+03 1.003178679259808748e+00 3.032040161869031369e-03
1.401516734927339940e+03 9.979386296758856467e-01 3.030464636100197763e-03
1.401537568219801642e+03 1.000584512696876871e+00 3.031039441106995677e-03
1.401558401508934594e+03 9.991678642635856145e-01 3.030834567581195630e-03
1.401579234794832018e+03 9.960807692111821599e-01 3.028522767479606848e-03
1.401600068077634660e+03 9.974945681924499707e-01 3.030853374678579848e-03
1.401620901357518051e+03 1.000040851859586910e+00 3.030996717685525803e-03
1.401641734634698651e+03 9.986113783363420593e-01 3.030877369361556495e-03
1.401662567909424752e+03 1.000002648132354288e+00 3.030705798416930084e-03
1.401683401181973750e+03 9.971436123609979107e-01 3.030263276985695284e-03
1.401704234452652145e+03 9.992741512172890195e-01 3.030843225598620159e-03
1.401745900989693837e+03 1.009592587953635823e+00 3.034783380591967762e-03
1.401766734256739710e+03 9.967676201730808483e-01 3.029710218668107621e-03
1.401787567523262169e+03 9.978304670930017162e-01 3.030323208434307272e-03
1.401808400789607731e+03 9.997979492004462898e-01 3.030850386966975254e-03
1.401829234056106770e+03 1.003906682626690916e+00 3.032948000152713933e-03
1.401850067323077838e+03 9.977955368598433461e-01 3.030467002483695771e-03
1.401870900590819247e+03 1.001883105338274627e+00 3.031570263859229095e-03
1.401912567129658783e+03 1.000303813444355372e+00 3.031350163718113215e-03
1.401933400401205745e+03 9.999973480117430036e-01 3.031134125243771082e-03
1.401954233674404577e+03 1.002422542373153647e+00 3.032264974648040887e-03
1.402016733504958211e+03 1.002882149200037931e+00 3.032375594993291529e-03
1.402058400068051697e+03 1.001397269600123874e+00 3.031257162661113620e-03
1.402079233352257006e+03 9.991404144020950007e-01 3.030028284109959232e-03
1.402100066638062117e+03 1.001622082907905664e+00 3.031774632789571277e-03
1.402120899925286949e+03 1.001181484126545174e+00 3.031585536998547895e-03
1.402141733213713906e+03 9.985195496755046030e-01 3.031355630894937755e-03
1.402162566503090602e+03 1.004055575964504898e+00 3.032508132558298704e-03
1.402183399793137141e+03 1.001109210382130854e+00 3.031180238830081652e-03
1.402204233083550662e+03 1.004542056944203399e+00 3.033171241276528141e-03
1.402225066374005564e+03 9.983783158142078840e-01 3.030041886753784795e-03
1.402266732953685278e+03 1.000812909660296013e+00 3.030779338701283104e-03
1.402287566242218873e+03 1.002284295071798947e+00 3.031232500949066974e-03
1.402308399529424378e+03 1.000234368578212463e+00 3.031634231392549717e-03
1.402329232814967554e+03 9.996138021210130287e-01 3.030655664620846793e-03
1.402350066098533489e+03 1.000867549943649903e+00 3.031444611467707956e-03
1.402370899379827733e+03 1.000952167074922627e+00 3.031362643820833137e-03
1.402391732658578576e+03 9.992739824541371219e-01 3.029880863653347176e-03
1.402433399207538059e+03 9.960082642680188059e-01 3.028893344340495737e-03
1.402454232477379037e+03 1.001136529362691485e+00 3.031148853580602036e-03
1.402475065743950154e+03 9.949338261621513135e-01 3.028009431728830546e-03
1.402495899007169555e+03 9.994190149705990400e-01 3.029124367298470510e-03
1.402516732267004727e+03 9.984638127869979174e-01 3.029660245468275906e-03
1.402537565523466128e+03 9.977374298461638702e-01 3.028593891670058533e-03
1.402558398776607419e+03 1.001119138073178760e+00 3.029783845382907643e-03
1.402579232026531372e+03 9.983685288314708695e-01 3.028837636232462049e-03
1.402600065273378959e+03 9.993827796282162002e-01 3.030185139899987772e-03
1.402620898517334808e+03 1.002469161179670776e+00 3.030076811599163780e-03
1.402641731758618789e+03 9.990440468807803009e-01 3.028613071829746456e-03
1.402662564997482605e+03 1.001984272290841416e+00 3.030656547290602656e-03
1.402745897934717277e+03 1.000718578913166956e+00 3.030773251763405757e-03
1.402766731166115051e+03 1.000545891261395148e+00 3.031453875169514908e-03
1.402787564397036704e+03 1.000051830760378069e+00 3.031008561863298909e-03
1.402808397627824206e+03 1.002606344379843861e+00 3.031673865264167527e-03
1.402829230858808614e+03 1.002112303498052359e+00 3.031300809910604521e-03
1.402850064090305750e+03 1.002092240582016736e+00 3.031356343949941686e-03
1.402870897322610517e+03 1.000969298198099544e+00 3.030222475737527014e-03
1.402891730555986896e+03 1.000839207021534172e+00 3.030707007264164202e-03
1.402912563790673403e+03 1.000997827074870505e+00 3.030626991467492547e-03
1.402933397026870352e+03 9.970584898883541047e-01 3.029183604874946967e-03
1.402954230264739408e+03 9.987930299196705608e-01 3.029309007395670876e-03
1.402975063504399941e+03 9.988604280175326089e-01 3.029751636862221612e-03
1.402995896745929258e+03 1.003395694781415326e+00 3.031658205379732327e-03
1.403016729989358282e+03 1.004051527119620202e+00 3.032462094479445626e-03
1.403037563234676099e+03 9.968124610667714602e-01 3.029106521157529618e-03
1.403058396481819727e+03 1.002824778662666949e+00 3.030642504633196833e-03
1.403079229730688212e+03 1.001916176034714612e+00 3.030428045142813474e-03
1.403100062981135125e+03 1.000110728746929523e+00 3.030479558536251956e-03
1.403120896232975383e+03 1.004488103362760176e+00 3.031461304915424558e-03
1.403141729485987298e+03 9.999633982228489648e-01 3.029919248945410135e-03
1.403162562739913938e+03 1.005640437560946898e+00 3.031864135939760316e-03
1.403183395994473130e+03 9.973257164796427432e-01 3.028362841455234204e-03
1.403225062504238849e+03 9.994694555709108252e-01 3.029033074266151374e-03
1.403245895758781899e+03 1.000059688887573683e+00 3.029619991678155280e-03
1.403266729012640553e+03 1.002262293917759228e+00 3.030534703966706635e-03
1.403287562265467386e+03 9.980519443211283148e-01 3.028597341838364966e-03
1.403308395516922019e+03 9.972610438834917934e-01 3.028069003029846325e-03
1.403329228766672486e+03 1.001240840975419211e+00 3.029553591324332749e-03
1.403350062014406149e+03 9.985252020531089068e-01 3.028702092074219646e-03
1.403370895259831059e+03 1.000859617780680777e+00 3.029785999158464416e-03
1.403391728502680280e+03 9.981121746264036698e-01 3.029004285193114855e-03
1.403412561742722119e+03 1.000105242274890394e+00 3.029431999079559498e-03
1.403433394979756940e+03 9.993536855280207298e-01 3.029378300971578494e-03
1.403454228213626266e+03 9.990000499021713942e-01 3.028648013287356996e-03
1.403495894671443239e+03 1.000394341322327962e+00 3.029107570671687490e-03
1.403516727895286067e+03 1.000082344775860443e+00 3.029172994921809116e-03
1.403537561115761946e+03 9.995588400248465177e-01 3.028823279948706076e-03
1.403558394332929083e+03 9.997049756056625158e-01 3.029655702946723855e-03
1.403579227546895027e+03 1.001526856120353859e+00 3.029296986707029349e-03
1.403600060757807796e+03 9.967785144858904989e-01 3.027315562126271353e-03
1.403641727171262346e+03 9.933980828039760125e-01 3.026510559359665408e-03
1.403662560374285931e+03 9.984565668953104822e-01 3.028057851210952216e-03
1.403704226774349308e+03 1.003979753399008690e+00 3.029703280981027851e-03
1.403725059972024610e+03 1.001737611872321354e+00 3.028909311433119946e-03
1.403808392754950319e+03 1.003779750537058479e+00 3.029792614540885963e-03
1.403829225950444879e+03 1.005306646460393916e+00 3.030403263272045747e-03
1.403850059146492868e+03 9.981299780861374593e-01 3.027839080909603721e-03
1.403870892343383957e+03 9.984510922603396788e-01 3.026757961177858804e-03
1.403891725541382357e+03 1.004530735113802198e+00 3.029419546696856397e-03
1.403912558740720215e+03 1.000388684165192776e+00 3.028342355153183178e-03
1.403933391941590799e+03 9.998771596653254212e-01 3.028361279011389760e-03
1.403975058348520861e+03 9.990705299525098892e-01 3.026841585801882430e-03
1.403995891554764057e+03 1.001676496213044887e+00 3.028370246132127547e-03
1.404016724762908552e+03 9.987343503725208960e-01 3.026750682371463080e-03
1.404058391184779339e+03 1.001858905454047655e+00 3.027359407447254187e-03
1.404079224398333963e+03 1.003958587778628564e+00 3.028868587656569772e-03
1.404100057613443369e+03 9.984648338385188060e-01 3.027214234636553536e-03
1.404120890829920199e+03 1.000785459005491873e+00 3.027872732029460515e-03
1.404141724047536854e+03 1.002283626594114185e+00 3.028247747135863997e-03
1.404162557266034128e+03 1.000352690908034248e+00 3.028092463646890435e-03
1.404183390485125756e+03 9.963806741858663996e-01 3.026449250550867446e-03
1.404204223704499782e+03 1.001203620499005797e+00 3.027770341163838440e-03
1.404225056923830380e+03 1.000516497339581035e+00 3.026832434012013528e-03
1.404266723360994320e+03 1.002090052669867948e+00 3.026845453614098770e-03
1.404287556578136218e+03 1.003957705591352667e+00 3.028039471124821178e-03
1.404308389793862489e+03 1.004619848911451063e+00 3.028008848540984441e-03
1.404329223007842529e+03 9.972274732393830998e-01 3.025290722915534650e-03
1.404350056219767339e+03 1.001117718943474122e+00 3.025842761515731057e-03
1.404370889429346789e+03 1.001412022079673836e+00 3.024840348807681517e-03
1.404391722636320765e+03 9.997411647531241341e-01 3.024785696918415659e-03
1.404412555840458708e+03 9.992792875552547471e-01 3.024009962570267229e-03
1.404433389041567807e+03 9.999845339231062669e-01 3.024416383484421992e-03
1.404454222239495039e+03 1.002215176631706450e+00 3.026423979919198176e-03
1.404475055434127398e+03 9.980035928474783047e-01 3.023969818113761681e-03
1.404516721813280810e+03 1.002089439433147433e+00 3.024792561030488665e-03
1.404537554997801408e+03 1.000277237539827890e+00 3.025036827186913194e-03
1.404558388179028498e+03 1.002153429148751718e+00 3.024565682604247758e-03
1.404641720873828945e+03 1.000998442414694267e+00 3.024719946351149720e-03
1.404683387206215457e+03 1.002218688245096301e+00 3.024442323219386167e-03
1.404745886692557633e+03 1.003401233734967590e+00 3.027197372636263994e-03
1.404766719852750384e+03 9.985522130434943966e-01 3.026222972455163123e-03
1.404787553012558419e+03 9.996550820812574178e-01 3.024438633517293265e-03
1.404808386172322571e+03 9.998171291679699424e-01 3.025595037031109363e-03
1.404829219332368893e+03 9.994441759038736883e-01 3.024922406433866798e-03
1.404850052493009116e+03 9.980406100712632123e-01 3.024470272111235043e-03
1.404870885654530184e+03 1.001483967098989680e+00 3.025425589262720205e-03
1.404891718817190622e+03 9.963864579003378630e-01 3.024444350928206897e-03
1.404933385146805449e+03 9.993830362827239577e-01 3.025018599541891371e-03
1.404954218314099990e+03 9.975455078444511736e-01 3.023933818829926522e-03
1.404975051483213292e+03 1.000016442561667995e+00 3.025590591059126866e-03
1.404995884654210158e+03 9.984712934629685899e-01 3.024411532741150526e-03
1.405016717827109005e+03 9.981832362997429264e-01 3.025071536374893556e-03
1.405037551001884594e+03 9.985781414145963319e-01 3.024429724618832305e-03
1.405058384178467122e+03 9.982036713135803430e-01 3.024204484109217512e-03
1.405079217356742220e+03 1.001818827450950966e+00 3.025770762168672034e-03
1.405100050536552089e+03 1.001038845631492258e+00 3.025662957638579256e-03
1.405120883717702327e+03 1.002399689777443870e+00 3.026338388145330058e-03
1.405162550083064843e+03 1.001420190940440325e+00 3.025636736674270581e-03
1.405183383266725059e+03 1.002018514290345497e+00 3.025711743334357981e-03
1.405204216450626745e+03 9.989914175256872086e-01 3.025095654772048861e-03
1.405225049634441120e+03 1.000457591823550541e+00 3.025258769486806158e-03
1.405245882817828942e+03 1.000991761008868108e+00 3.025472225385783358e-03
1.405266716000442557e+03 1.000520563809525143e+00 3.025227894804286780e-03
1.405287549181935674e+03 1.001532237513754975e+00 3.025997490007820232e-03
1.405308382361969961e+03 9.999495125763211423e-01 3.025598734427001422e-03
1.405329215540219366e+03 9.995384791528035828e-01 3.025237437658511493e-03
1.405350048716373522e+03 9.992491395949434363e-01 3.025121368684533397e-03
1.405370881890147984e+03 9.946757453836320151e-01 3.022313014396051187e-03
1.405391715061285822e+03 1.000661418086394194e+00 3.025728309476109767e-03
1.405412548229562844e+03 9.939363903281136503e-01 3.022724889601044376e-03
1.405433381394788057e+03 9.997084392605046776e-01 3.024634096422750863e-03
1.405454214556814577e+03 9.989719852198279959e-01 3.023926517811733727e-03
1.405475047715537357e+03 1.001583372099262403e+00 3.024663663239539162e-03
1.405495880870892279e+03 9.996166311315853870e-01 3.023956959063682157e-03
1.405516714022862971e+03 1.001481740697186762e+00 3.024498965808211214e-03
1.405537547171479446e+03 9.990744817513869114e-01 3.023312843628082544e-03
1.405579213458983531e+03 9.961590252592772421e-01 3.022429011369404638e-03
1.405620879734503660e+03 1.008841424177767232e+00 3.026818436810618188e-03
1.405641712868285595e+03 1.002363123328036787e+00 3.024537140914889885e-03
1.405683379129213790e+03 1.003161423004123698e+00 3.023895134878226611e-03
1.405704212256967367e+03 1.000663841435777135e+00 3.022361537060239047e-03
1.405725045383348515e+03 9.991938850237298553e-01 3.022568772370681518e-03
1.405745878508699207e+03 9.962160657411843756e-01 3.021097155431485323e-03
1.405766711633365503e+03 9.978012628126711192e-01 3.021347714588581632e-03
1.405787544757694377e+03 1.001917458927545468e+00 3.021751926552089431e-03
1.405808377882022342e+03 9.977213548821217692e-01 3.020753264308808066e-03
1.405870877258170367e+03 1.001747448815391017e+00 3.023413788396515142e-03
1.405891710385548095e+03 9.981152740091245867e-01 3.021116165932477299e-03
1.405912543514322579e+03 1.003162184377684341e+00 3.021773147897356421e-03
1.405933376644677992e+03 1.002113095578841540e+00 3.021894876468038133e-03
1.405954209776760990e+03 1.000056195475794274e+00 3.021448973129817108e-03
1.405975042910673210e+03 9.948187146200716535e-01 3.018810631965337943e-03
1.405995876046474905e+03 9.996781992398832140e-01 3.020800804510382059e-03
1.406016709184180854e+03 9.959276244549214452e-01 3.019056686615032622e-03
1.406037542323757407e+03 9.943177614029697908e-01 3.018262542998896569e-03
1.406058375465129302e+03 9.980554723848061860e-01 3.019659476486916821e-03
1.406100041752737070e+03 9.999321791864829168e-01 3.020101502714751199e-03
1.406162541193322113e+03 1.001624853770775037e+00 3.020160101690107322e-03
1.406183374341599119e+03 1.000344800059115524e+00 3.019943695235165204e-03
1.406204207490077579e+03 1.005328621873380346e+00 3.020221178757749939e-03
